0.99971
0.99979
0.99982
0.99971
0.99957
0.99961
0.99956
0.99972
0.99889
0.99961
0.99982
0.99975
0.99942
0.99932
0.99908
0.99970
0.99985
0.99933
0.99858
0.99987
0.99958
0.99909
0.99859
0.99863
0.99811
0.99877
0.99798
0.99855
0.99788
0.99821
0.99830
0.99718
0.99642
0.99658



3.0
4.7
8.3
9.3
9.9
11.0
12.3
12.5
12.6
15.9
16.7
18.8
18.8
18.9
21.7
21.9
22.8
24.2
25.8
30.6
36.2
39.8
44.3
46.8
46.8
58.1
62.3
70.6
71.1
71.3
83.2
83.6
99.5
111.2
