0.5647
0.5862
0.5102
0.5131
0.4165
0.5075
0.3844
0.419
0.0895
0.4885
0.5467
0.3746
0.6717
0.4258
0.5665
0.4822
0.5804
0.565
0.5255
0.4397
0.4018
0.325
0.4614
0.455
0.5762
0.5042
0.5844
0.6225
0.4952
0.4807
0.4029
0.4785
0.3523
0.5603
0.6066
0.4997
0.6031
0.4652
0.4643
0.3191
0.5684
0.603
0.5115
0.593
0.6683
0.407
0.5247
0.4458
0.5192
0.4761
0.6776

0.062
0.09
0.056
0.061
0.07
0.043
0.053
0.052
0.108
0.056
0.055
0.063
0.058
0.06
0.049
0.042
0.042
0.057
0.073
0.048
0.047
0.046
0.058
0.041
0.074
0.053
0.063
0.035
0.062
0.038
0.058
0.073
0.071
0.053
0.046
0.05
0.053
0.065
0.057
0.056
0.059
0.044
0.055
0.061
0.05
0.042
0.042
0.062
0.073
0.047
0.053

0.046
0.066
0.039
0.044
0.049
0.027
0.023
0.04
0.058
0.036
0.037
0.043
0.049
0.044
0.032
0.026
0.037
0.041
0.055
0.035
0.039
0.026
0.036
0.033
0.057
0.035
0.049
0.03
0.041
0.028
0.038
0.049
0.046
0.036
0.03
0.041
0.03
0.049
0.042
0.041
0.039
0.023
0.039
0.042
0.032
0.029
0.022
0.052
0.055
0.035
0.039

93.3
107
99.7
95.3
99.3
101.4
93.9
94.4
89
95.3
96.8
101
100.5
95.9
96.3
96.3
97.7
95.6
93.8
94.8
93.4
93
96.2
98.1
93.4
94.6
99.3
97.2
103.9
96.8
94.3
96.7
93.1
96
99.6
94.4
96.6
98.4
93.4
92.5
94.5
98.5
94.9
98.6
100.4
96.1
96.3
99.1
94.6
97.6
101.2

89.6
107.6
97.7
92.1
97.1
100
90.5
91
86.1
92.5
94
99.4
98.5
92.9
93.3
93.4
95
92.5
90.1
91.7
89.8
89.5
93.2
95.6
89.6
91.3
97.2
94.6
103.2
94.1
90.9
94
89.4
93.3
97.8
91.1
93.8
96.2
89.9
88.8
91.2
96.1
91.6
96.2
97.9
93.3
93.7
97
91.7
95.1
99.7


0.13
0.057
0.13
0.14
0.106
0.097
0.138
0.13
0.122
0.176
0.096
0.133
0.113
0.121
0.124
0.149
0.133
0.125
0.116
0.144
0.113
0.135
0.123
0.121
0.121
0.135
0.134
0.136
0.11
0.12
0.132
0.117
0.129
0.12
0.147
0.133
0.132
0.128
0.156
0.145
0.121
0.143
0.124
0.099
0.085
0.127
0.112
0.112
0.153
0.131
0.117
